15
10
29
15
27
8
10
25
3
13
14
17
10
25
1
11
32
0
2
5
21
32
5
9
23
26
14
25
30
18
7
8
22
11
28
7
22
9
29
27
11
25
16
12
16
18
33
29
20
15
17
27
9
13
20
32
13
15
25
5
16
28
20
1
20
25
8
15
27
31
26
12
20
14
8
13
3
28
7
13
6
17
6
4
13
30
20
28
21
11
9
10
25
7
16
4
21
8
19
0
9
14
9
21
0
1
5
6
7
25
17
18
19
2
33
11
5
9
2
2
13
4
12
6
30
2
23
25
14
7
21
20
33
3
31
14
20
20
21
26
12
7
23
33
18
3
8
6
22
9
13
7
28
1
32
23
19
4
28
0
13
32
20
26
17
22
25
19
21
19
30
21
32
21
30
22
1
16
21
4
17
26
20
8
1
5
25
2
2
3
30
2
18
18
11
15
26
31
30
24
22
11
33
27
19
9
25
2
12
12
11
29
24
19
24
17
25
13
11
6
18
16
11
3
16
10
13
14
23
32
8
1
19
9
22
16
3
28
25
22
16
16
33
10
3
0
5
6
14
31
22
8
28
19
32
4
29
10
24
11
18
28
0
8
27
4
19
7
24
6
7
24
27
1
9
32
9
5
3
24
22
0
2
19
23
23
5
29
16
23
28
14
30
22
26
26
2
31
17
14
27
16
17
15
1
23
28
24
31
24
17
1
27
26
33
21
6
23
9
0
32
28
12
24
10
9
3
31
26
6
2
4
9
12
12
29
15
24
5
13
25
22
10
25
11
21
24
33
18
3
23
12
31
24
21
18
23
12
31
10
2
18
9
31
4
29
31
23
15
6
1
30
8
9
18
29
19
30
11
0
1
1
28
8
31
9
26
15
29
4
4
23
11
3
24
12
32
22
16
1
0
5
19
14
24
33
0
28
17
20
11
21
7
17
20
21
17
32
18
9
31
20
30
0
26
2
9
28
20
5
12
19
6
26
29
25
27
14
32
27
24
28
1
12
10
9
11
8
8
18
17
31
5
15
3
17
31
7
11
27
1
4
33
14
7
20
9
22
16
30
14
6
28
14
20
29
3
0
5
5
10
18
28
23
14
0
5
14
6
30
4
15
14
13
3
17
20
5
7
15
11
22
8
7
31
0
30
10
0
0
26
18
21
15
0
15
29
2
3
1
2
29
22
19
26
2
27
10
33
1
12
19
26
22
33
28
23
8
0
4
19
13
8
29
32
19
27
33
4
30
13
18
7
16
27
3
24
1
22
5
32
33
6
16
4
29
6
13
31
19
18
23
2
7
24
16
4
25
17
12
25
27
8
19
33
3
6
27
32
4
11
24
13
30
24
10
33
29
17
19
16
32
9
26
7
22
2
9
6
14
29
16
